timestamp,time,price,volume
34200459691085,09:30:00.459,0.0000,0
34404133026626,09:33:24.133,87.8900,100
34404133026626,09:33:24.133,87.8900,1
34404133047594,09:33:24.133,87.8900,9
34404133366956,09:33:24.133,87.8900,100
34404138610608,09:33:24.138,88.0000,100
34404527786322,09:33:24.527,87.7900,25
34404753661428,09:33:24.753,87.8900,900
34459200442023,09:34:19.200,88.1100,100
34459200442023,09:34:19.200,88.1600,99
34459200466832,09:34:19.200,88.1600,101
34496054095049,09:34:56.054,88.1500,29
34496054119798,09:34:56.054,88.1500,71
34496054119798,09:34:56.054,88.1500,100
34521358997181,09:35:21.358,87.9700,2
34590428177238,09:36:30.428,88.1000,77
34590428653933,09:36:30.428,88.1000,23
34590428653933,09:36:30.428,88.0900,100
34590428653933,09:36:30.428,88.0900,100
34590428653933,09:36:30.428,88.0900,35
34590428653933,09:36:30.428,88.0900,17
34590429099323,09:36:30.429,88.0900,23
34590429151467,09:36:30.429,88.0900,100
34590429206802,09:36:30.429,88.0900,100
34590429290207,09:36:30.429,88.0400,25
34590430255113,09:36:30.430,88.0900,35
34590430255113,09:36:30.430,88.0900,35
34631346591578,09:37:11.346,88.2900,1
34656136492028,09:37:36.136,88.3800,100
34656136492028,09:37:36.136,88.3800,1
34656136492028,09:37:36.136,88.3800,22
34656136519596,09:37:36.136,88.3800,78
34656136578808,09:37:36.136,88.3800,78
34656137135524,09:37:36.137,88.3700,100
34656137135524,09:37:36.137,88.3800,22
34656137186593,09:37:36.137,88.3800,100
34656137311577,09:37:36.137,88.3800,100
34656137311577,09:37:36.137,88.3800,1
34656137429000,09:37:36.137,88.3800,100
34656761266283,09:37:36.761,88.3800,100
34669161631133,09:37:49.161,88.2800,100
34669162072804,09:37:49.162,88.2800,33
34669163056745,09:37:49.163,88.2300,100
34669163056745,09:37:49.163,88.2300,7
34669163072719,09:37:49.163,88.2300,93
34674579350768,09:37:54.579,88.3600,1
34680394084929,09:38:00.394,88.2300,10
34680394084929,09:38:00.394,88.2300,3
34761347369865,09:39:21.347,88.2900,1
34775207193460,09:39:35.207,88.3800,1
34854541979353,09:40:54.541,88.5000,100
34854541979353,09:40:54.541,88.5500,61
34910256772891,09:41:50.256,88.2600,100
34911345573288,09:41:51.345,88.2100,100
34911345573288,09:41:51.345,88.2100,100
35148233013936,09:45:48.233,87.8000,100
35291088704179,09:48:11.088,87.7800,100
35299472350574,09:48:19.472,87.7700,40
35311231757148,09:48:31.231,87.7600,5
35317812622809,09:48:37.812,87.7300,35
35339881998271,09:48:59.881,87.6600,100
35339882071950,09:48:59.882,87.6500,100
35508244090551,09:51:48.244,87.8600,35
35518822823692,09:51:58.822,87.7600,35
35850450694104,09:57:30.450,87.8300,100
35850450694104,09:57:30.450,87.8500,100
35850450694104,09:57:30.450,87.8900,100
35850450694104,09:57:30.450,87.8900,100
35850450694104,09:57:30.450,87.9000,100
35850450694104,09:57:30.450,87.9000,100
35850450694104,09:57:30.450,87.9000,100
35850450760195,09:57:30.450,87.9000,100
35850489394631,09:57:30.489,87.9000,100
35850489394631,09:57:30.489,87.9000,100
35850489394631,09:57:30.489,87.9000,100
35850491429828,09:57:30.491,87.9000,100
35850501536608,09:57:30.501,87.9000,100
35973304462247,09:59:33.304,87.9500,100
35973464352923,09:59:33.464,87.7900,100
35974291050828,09:59:34.291,87.7400,100
35974291113933,09:59:34.291,87.7100,35
35974291308343,09:59:34.291,87.7100,35
35974291553502,09:59:34.291,87.7000,35
35974291726174,09:59:34.291,87.7000,100
35974292010557,09:59:34.292,87.6800,33
35974292036415,09:59:34.292,87.6800,67
36007033994114,10:00:07.033,87.6300,100
36007034018669,10:00:07.034,87.6300,100
36010851544028,10:00:10.851,87.5700,100
36010851568722,10:00:10.851,87.5700,100
36010851568722,10:00:10.851,87.5700,100
36010851568722,10:00:10.851,87.5700,100
36010851575274,10:00:10.851,87.5700,100
36010852023768,10:00:10.852,87.5600,100
36012854815667,10:00:12.854,87.3100,100
36012856281169,10:00:12.856,87.3100,100
36020781791586,10:00:20.781,87.3100,66
36020781817051,10:00:20.781,87.3100,295
36020781817051,10:00:20.781,87.3100,69
36099254582030,10:01:39.254,87.4000,100
36192693914685,10:03:12.693,87.3700,35
36195780241601,10:03:15.780,87.1900,1
36255857497380,10:04:15.857,87.4400,2
36318607274354,10:05:18.607,87.1500,100
36318607298935,10:05:18.607,87.1500,28
36445751251463,10:07:25.751,87.1400,100
36445751277089,10:07:25.751,87.1400,4
36524074729542,10:08:44.074,87.0500,29
36549101836350,10:09:09.101,87.1100,100
36549101836350,10:09:09.101,87.1300,1
36549101836350,10:09:09.101,87.1500,99
36549103706204,10:09:09.103,87.1700,100
36620863338168,10:10:20.863,87.3400,1
36721521170703,10:12:01.521,87.4500,100
36791668204311,10:13:11.668,87.4000,16
36884192820820,10:14:44.192,87.6200,2
36904252621634,10:15:04.252,87.6300,13
36904252761400,10:15:04.252,87.6300,87
36904252761400,10:15:04.252,87.6300,1
36923984718340,10:15:23.984,87.6000,100
36923985444710,10:15:23.985,87.5900,9
36941707585530,10:15:41.707,87.5700,100
36987367111125,10:16:27.367,87.6800,2
37089886297511,10:18:09.886,87.5600,92
37089886744627,10:18:09.886,87.5600,8
37098790735502,10:18:18.790,87.5400,100
37098849554822,10:18:18.849,87.5000,1212
37098948799446,10:18:18.948,87.4600,1
37098994160576,10:18:18.994,87.4600,1
37099065004025,10:18:19.065,87.4600,1
37099112934744,10:18:19.112,87.4600,1
37099112959422,10:18:19.112,87.4600,96
37099268922026,10:18:19.268,87.4100,1
37099268945616,10:18:19.268,87.4100,99
37099268945616,10:18:19.268,87.4100,100
37162044112791,10:19:22.044,87.2500,1
37162091548337,10:19:22.091,87.2500,1
37162136067973,10:19:22.136,87.2500,1
37162182431734,10:19:22.182,87.2500,1
37162264996553,10:19:22.264,87.2500,1
37162316517336,10:19:22.316,87.2500,1
37162366069509,10:19:22.366,87.2500,1
37162409373600,10:19:22.409,87.2500,1
37174249122464,10:19:34.249,87.2500,92
37174249122464,10:19:34.249,87.2500,8
37183717094050,10:19:43.717,87.2500,1
37183773132839,10:19:43.773,87.2500,1
37184577990900,10:19:44.577,87.2500,1
37184633836810,10:19:44.633,87.2500,1
37184684314687,10:19:44.684,87.2400,1
37225068608227,10:20:25.068,87.4500,99
37225068759975,10:20:25.068,87.4500,1
37357867545016,10:22:37.867,87.6100,1
37383478977368,10:23:03.478,87.6800,100
37383478977368,10:23:03.478,87.6800,1
37430393759956,10:23:50.393,87.8750,100
37516503508290,10:25:16.503,87.7000,1
37516565301190,10:25:16.565,87.7000,1
37516631240222,10:25:16.631,87.7000,1
37516704970444,10:25:16.704,87.7000,1
37516746418098,10:25:16.746,87.7000,1
37516793930848,10:25:16.793,87.7000,1
37516845853917,10:25:16.845,87.7000,1
37516900739526,10:25:16.900,87.7000,1
37516951996457,10:25:16.951,87.7000,1
37517006289397,10:25:17.006,87.7000,1
37529564878728,10:25:29.564,87.6900,1
37670704465302,10:27:50.704,87.6700,2
37695960936830,10:28:15.960,87.6400,1
37696017285458,10:28:16.017,87.6300,1
37696068975404,10:28:16.068,87.6300,1
37696116844589,10:28:16.116,87.6300,1
37696166276079,10:28:16.166,87.6300,1
37696208405562,10:28:16.208,87.6300,1
37696275335423,10:28:16.275,87.6300,1
37696322277038,10:28:16.322,87.6300,1
37696372531603,10:28:16.372,87.6300,1
37772331318039,10:29:32.331,87.6300,1
37772381676863,10:29:32.381,87.6300,1
37772430093235,10:29:32.430,87.6300,1
37772430182463,10:29:32.430,87.6300,4
37800306484287,10:30:00.306,87.7300,3
37800306484287,10:30:00.306,87.7300,7
37800306510752,10:30:00.306,87.7300,93
37800306515176,10:30:00.306,87.7300,100
37800308523692,10:30:00.308,87.7700,100
37800317595457,10:30:00.317,87.7800,100
37831581024017,10:30:31.581,87.7400,1
37831625025119,10:30:31.625,87.7400,1
37841631015369,10:30:41.631,87.7400,1
37841723510612,10:30:41.723,87.7400,1
37841775001566,10:30:41.775,87.7400,1
37841823416646,10:30:41.823,87.7400,1
37841870896889,10:30:41.870,87.7400,1
37841923614174,10:30:41.923,87.7400,1
37841969521586,10:30:41.969,87.7400,1
37842020971610,10:30:42.020,87.7400,1
37842069174086,10:30:42.069,87.7400,1
37842118975833,10:30:42.118,87.7400,1
37842221370621,10:30:42.221,87.7400,1
37842273836327,10:30:42.273,87.7400,1
37842318235288,10:30:42.318,87.7400,1
37842398058266,10:30:42.398,87.7400,1
37842449499947,10:30:42.449,87.7400,1
37842482660455,10:30:42.482,87.7400,1
37842538011135,10:30:42.538,87.7400,1
37842586418496,10:30:42.586,87.7400,1
37842712360331,10:30:42.712,87.7400,1
37956248386127,10:32:36.248,87.7600,1
37991158089115,10:33:11.158,87.9400,3
37991158431446,10:33:11.158,87.9800,100
37991159217962,10:33:11.159,88.0000,150
37991159247910,10:33:11.159,88.0300,100
38016338051291,10:33:36.338,88.0000,100
38017784152164,10:33:37.784,87.9600,100
38017784235735,10:33:37.784,88.0000,40
38076543137303,10:34:36.543,87.9100,100
38168291288326,10:36:08.291,87.9300,1
38168291288326,10:36:08.291,87.9300,100
38168291502282,10:36:08.291,87.9500,100
38240179389075,10:37:20.179,87.8700,100
38322455457121,10:38:42.455,87.9400,1
38322455457121,10:38:42.455,87.9400,5
38322456114908,10:38:42.456,87.9400,5
38322457491834,10:38:42.457,87.9400,5
38322878677879,10:38:42.878,87.9400,20
38322878677879,10:38:42.878,87.9700,5
38322878857912,10:38:42.878,88.0000,100
38322878857912,10:38:42.878,88.0000,1
38349623978944,10:39:09.623,87.9500,100
38358704109025,10:39:18.704,88.0400,100
38362468234291,10:39:22.468,88.0800,100
38367132723789,10:39:27.132,88.0300,70
38367132723789,10:39:27.132,88.0300,30
38375153488401,10:39:35.153,88.0300,70
38387047143342,10:39:47.047,88.0300,100
38404878597489,10:40:04.878,88.1600,3
38437911966840,10:40:37.911,88.2100,100
38454289245308,10:40:54.289,88.2200,20
38454289245308,10:40:54.289,88.2200,100
38462121627215,10:41:02.121,88.3100,100
38462902614204,10:41:02.902,88.2500,300
38462903057403,10:41:02.903,88.2400,100
38473807336945,10:41:13.807,88.1700,100
38497494711184,10:41:37.494,88.1300,100
38543426647918,10:42:23.426,88.1000,18
38543427115437,10:42:23.427,88.1000,82
38666438745193,10:44:26.438,88.0300,100
38668233619611,10:44:28.233,88.0550,100
38675781030362,10:44:35.781,87.9600,24
38675781099544,10:44:35.781,87.9600,76
38689378721730,10:44:49.378,87.9400,100
38700955279482,10:45:00.955,88.0200,66
38700955304740,10:45:00.955,88.0200,34
38700955304740,10:45:00.955,88.0200,100
38700955960648,10:45:00.955,88.0500,100
38700957587182,10:45:00.957,88.0900,100
38701484757113,10:45:01.484,88.0900,100
38704396622665,10:45:04.396,88.0900,100
38708997723840,10:45:08.997,88.0200,100
38712580032339,10:45:12.580,88.0250,700
38742091624038,10:45:42.091,87.9200,93
38742091656427,10:45:42.091,87.9200,7
38770369690365,10:46:10.369,87.9200,600
38770370202500,10:46:10.370,87.9200,9
38781232044796,10:46:21.232,87.9100,15
38797792370318,10:46:37.792,87.9100,2
38797792370318,10:46:37.792,87.9100,38
38810021678805,10:46:50.021,87.9600,100
38820352039410,10:47:00.352,87.9000,100
38828567553238,10:47:08.567,87.8700,100
38828568245225,10:47:08.568,87.8300,15
38835318185384,10:47:15.318,87.8100,100
38904036571186,10:48:24.036,87.8000,51
38904036676538,10:48:24.036,87.7900,2
38904036676538,10:48:24.036,87.7900,41
38958193168703,10:49:18.193,87.7500,2
38958193168703,10:49:18.193,87.7400,11
39003368190689,10:50:03.368,87.7400,86
39060444029272,10:51:00.444,87.7000,1
39060542000691,10:51:00.542,87.7000,1
39191362641288,10:53:11.362,87.6800,22
39191362999918,10:53:11.362,87.6600,51
39191363025572,10:53:11.363,87.6600,249
39191363239671,10:53:11.363,87.6200,100
39192688354976,10:53:12.688,87.6100,100
39192693579711,10:53:12.693,87.5900,100
39202021766079,10:53:22.021,87.6400,100
39202022443555,10:53:22.022,87.6400,100
39278042468521,10:54:38.042,87.6600,25
39338204821754,10:55:38.204,87.7000,100
39338204846040,10:55:38.204,87.7000,1
39396269437896,10:56:36.269,87.7300,2
39396269437896,10:56:36.269,87.7200,98
39396269528024,10:56:36.269,87.7200,2
39396269528024,10:56:36.269,87.7200,30
39396270344482,10:56:36.270,87.7000,3
39466698559204,10:57:46.698,87.6300,13
39466699160633,10:57:46.699,87.6200,100
39466894169517,10:57:46.894,87.5300,29
39466894195333,10:57:46.894,87.5300,71
39481250745187,10:58:01.250,87.5900,1
39481251351177,10:58:01.251,87.6000,100
39504973899004,10:58:24.973,87.6500,100
39563196693783,10:59:23.196,87.7100,100
39563197139373,10:59:23.197,87.6950,100
39563197255821,10:59:23.197,87.6800,4
39584237067560,10:59:44.237,87.7300,1
39663049441234,11:01:03.049,87.8200,100
39724699734340,11:02:04.699,87.9400,1
39727896271678,11:02:07.896,87.9900,100
39727896330288,11:02:07.896,88.0000,80
39727896330288,11:02:07.896,88.0000,5
39789494014693,11:03:09.494,88.0900,100
39789494446805,11:03:09.494,88.0900,100
39790961982551,11:03:10.961,87.9900,32
39807995222306,11:03:27.995,87.9100,100
39927513996434,11:05:27.513,87.9500,100
39989980766018,11:06:29.980,87.9800,41
40024750970433,11:07:04.750,87.9400,24
40025250034042,11:07:05.250,87.9500,100
40025749996431,11:07:05.749,87.9500,100
40040182140928,11:07:20.182,87.9400,76
40040182140928,11:07:20.182,87.9400,24
40040182215175,11:07:20.182,87.9400,69
40040212669571,11:07:20.212,87.8700,8
40090399384319,11:08:10.399,87.8700,92
40090399384319,11:08:10.399,87.8700,8
40090399474026,11:08:10.399,87.8700,8
40096437696978,11:08:16.437,87.8700,35
40105012712391,11:08:25.012,87.9250,100
40226671604524,11:10:26.671,87.9800,2
40226671604524,11:10:26.671,87.9800,100
40226672208608,11:10:26.672,87.9800,100
40330044176493,11:12:10.044,88.0200,100
40330044176493,11:12:10.044,88.0300,1
40330044202177,11:12:10.044,88.0300,99
40330044202177,11:12:10.044,88.0300,1
40330361272931,11:12:10.361,88.0500,5
40334895478364,11:12:14.895,88.1200,1
40334895924537,11:12:14.895,88.1500,3
40334895929425,11:12:14.895,88.1500,62
40474491376969,11:14:34.491,88.0400,66
40578143542215,11:16:18.143,87.9000,100
40604357280044,11:16:44.357,87.8800,1
40633628024675,11:17:13.628,87.8400,54
40685277488592,11:18:05.277,87.9000,100
40685277513014,11:18:05.277,87.9000,34
40685277513014,11:18:05.277,87.9000,1
40685278795854,11:18:05.278,87.9000,134
40776702204663,11:19:36.702,87.8300,1
40792450167233,11:19:52.450,87.8500,6
40930119122503,11:22:10.119,87.7700,100
40930119217177,11:22:10.119,87.7700,19
40930119266555,11:22:10.119,87.7700,6
40930119347519,11:22:10.119,87.7700,3
40930119438755,11:22:10.119,87.7700,2
40930119507964,11:22:10.119,87.7700,1
40930213513380,11:22:10.213,87.7700,69
41107689864659,11:25:07.689,87.7700,1
41107747113988,11:25:07.747,87.7700,8
41107747139305,11:25:07.747,87.7700,92
41168114337069,11:26:08.114,87.7100,66
41168114337069,11:26:08.114,87.7100,34
41217676268640,11:26:57.676,87.7400,100
41217676268640,11:26:57.676,87.7400,3
41257952016193,11:27:37.952,87.7200,1
41257952016193,11:27:37.952,87.7200,99
41257952041732,11:27:37.952,87.7200,1
41257952041732,11:27:37.952,87.7200,1
41257952041732,11:27:37.952,87.7200,44
41294762602233,11:28:14.762,87.6300,1
41335748409572,11:28:55.748,87.6100,100
41335748409572,11:28:55.748,87.6100,100
41335748409572,11:28:55.748,87.6100,1
41335748603922,11:28:55.748,87.6200,1
41336750033410,11:28:56.750,87.6100,100
41336753400889,11:28:56.753,87.6100,100
41350831343061,11:29:10.831,87.6200,100
41351998832391,11:29:11.998,87.6200,100
41355025185036,11:29:15.025,87.6200,100
41400963962392,11:30:00.963,87.5900,1
41400963962392,11:30:00.963,87.5900,1
41400963962392,11:30:00.963,87.5900,98
41404135943065,11:30:04.135,87.6200,100
41423879186852,11:30:23.879,87.5900,2
41423879186852,11:30:23.879,87.5900,2
41423879186852,11:30:23.879,87.5900,12
41423879186852,11:30:23.879,87.5900,84
41423879255694,11:30:23.879,87.5900,16
41500948902776,11:31:40.948,87.5900,1
41500948902776,11:31:40.948,87.6000,99
41500948990014,11:31:40.948,87.6000,1
41500949617560,11:31:40.949,87.6200,5
41500949752696,11:31:40.949,87.6300,100
41501028327538,11:31:41.028,87.6900,100
41501028327538,11:31:41.028,87.7000,100
41501036313828,11:31:41.036,87.7000,100
41501949928819,11:31:41.949,87.6600,100
41517184911909,11:31:57.184,87.6900,100
41522027828079,11:32:02.027,87.6900,100
41522073885978,11:32:02.073,87.7200,100
41590142782979,11:33:10.142,87.7500,1
41590142809368,11:33:10.142,87.7500,99
41590142809368,11:33:10.142,87.7500,1
41590143247965,11:33:10.143,87.7600,93
41590143267406,11:33:10.143,87.7600,7
41626686998563,11:33:46.686,87.8300,1
41642247796986,11:34:02.247,87.8200,99
41642247828505,11:34:02.247,87.8200,1
41655020726434,11:34:15.020,87.8900,1
41662731807444,11:34:22.731,87.8900,11
41685024753887,11:34:45.024,87.9100,100
41692766840279,11:34:52.766,87.9000,100
41736268937430,11:35:36.268,87.8500,46
41736268937430,11:35:36.268,87.8500,40
41736269388130,11:35:36.269,87.8400,100
41736270366632,11:35:36.270,87.8200,100
41736270366632,11:35:36.270,87.8200,300
41742914323744,11:35:42.914,87.8200,1
41929993187085,11:38:49.993,87.8300,99
41933619968942,11:38:53.619,87.8600,1
41967176777508,11:39:27.176,87.9000,1
41967910780267,11:39:27.910,87.9200,5
41968168439667,11:39:28.168,87.9100,1
42049835876946,11:40:49.835,87.9700,40
42049835876946,11:40:49.835,87.9900,1
42096685941164,11:41:36.685,87.9900,1
42100064695320,11:41:40.064,88.0300,1
42122124022842,11:42:02.124,88.1000,12
42122124035490,11:42:02.124,88.1000,88
42122124035490,11:42:02.124,88.1000,12
42122125048062,11:42:02.125,88.1100,100
42149245842738,11:42:29.245,88.0400,5
42149246629329,11:42:29.246,88.0200,100
42170931721455,11:42:50.931,88.0100,100
42198699348262,11:43:18.699,88.0700,5
42198699418221,11:43:18.699,88.0800,2
42237913519797,11:43:57.913,88.1300,1
42293109634118,11:44:53.109,88.1600,100
42293110832022,11:44:53.110,88.1600,1
42294686569857,11:44:54.686,88.1700,1
42323446920493,11:45:23.446,88.2200,10
42326385882638,11:45:26.385,88.2200,90
42326386561723,11:45:26.386,88.2400,44
42427683182885,11:47:07.683,88.2100,1
42601709454453,11:50:01.709,88.1300,1
42695561670174,11:51:35.561,88.1200,1
42794625232290,11:53:14.625,88.1400,3
42794625232290,11:53:14.625,88.1400,9
42832498505574,11:53:52.498,88.1100,1
42873811148869,11:54:33.811,88.0800,1
42911792910397,11:55:11.792,88.1400,3
42911792910397,11:55:11.792,88.1400,3
43042673255663,11:57:22.673,88.1900,14
43135479880374,11:58:55.479,88.0900,100
43200414364390,12:00:00.414,88.1900,2
43200414364390,12:00:00.414,88.1900,4
43231831394654,12:00:31.831,88.1850,100
43232025983713,12:00:32.025,88.1850,100
43232025983713,12:00:32.025,88.1700,1
43232025983713,12:00:32.025,88.1700,27
43232026048702,12:00:32.026,88.1700,73
43232026953654,12:00:32.026,88.1400,1
43232026978160,12:00:32.026,88.1400,299
43260894585703,12:01:00.894,88.1400,100
43260895489874,12:01:00.895,88.1400,2
43260895489874,12:01:00.895,88.1400,4
43425137430667,12:03:45.137,88.0800,48
43551326777184,12:05:51.326,88.1000,89
43559968965267,12:05:59.968,88.1100,1
43559975446760,12:05:59.975,88.0900,10
43655612767676,12:07:35.612,88.1400,1
43655612767676,12:07:35.612,88.1400,100
43655612767676,12:07:35.612,88.1500,100
43655613019785,12:07:35.613,88.1100,10
43662038880327,12:07:42.038,88.1600,6
43662038880327,12:07:42.038,88.1600,94
43662038946815,12:07:42.038,88.1600,6
43662039473080,12:07:42.039,88.1700,5
43708163276929,12:08:28.163,88.2300,1
43743046838541,12:09:03.046,88.2600,11
43744049362169,12:09:04.049,88.2900,100
43744149535652,12:09:04.149,88.3200,100
43861525456676,12:11:01.525,88.4200,2
43861525456676,12:11:01.525,88.4200,13
43930019679881,12:12:10.019,88.5200,6
43930020126427,12:12:10.020,88.5200,6
43966490467594,12:12:46.490,88.3900,100
43967030699835,12:12:47.030,88.3400,10
44041873129922,12:14:01.873,88.3300,1
44049279126179,12:14:09.279,88.3000,100
44049281709150,12:14:09.281,88.3000,1
44102889892550,12:15:02.889,88.3250,109
44176840631377,12:16:16.840,88.2700,1
44176840710535,12:16:16.840,88.2700,100
44265182599315,12:17:45.182,88.2500,100
44338215427739,12:18:58.215,88.2400,100
44358021214300,12:19:18.021,88.2900,100
44419617317021,12:20:19.617,88.4100,100
44447039808692,12:20:47.039,88.3900,1
44511251617155,12:21:51.251,88.3700,1
44511251617155,12:21:51.251,88.3700,99
44511252567430,12:21:51.252,88.3700,1
44549287772767,12:22:29.287,88.4700,100
44549288896503,12:22:29.288,88.5000,45
44549288896503,12:22:29.288,88.5000,5
44549289614862,12:22:29.289,88.5300,100
44549290391536,12:22:29.290,88.5800,100
44623811465987,12:23:43.811,88.4300,100
44847335418088,12:27:27.335,88.4600,100
44878625211701,12:27:58.625,88.3700,100
44878625211701,12:27:58.625,88.3700,100
44878627021168,12:27:58.627,88.3400,1
44878655286629,12:27:58.655,88.3300,1
44878655334872,12:27:58.655,88.3200,10
44989080346366,12:29:49.080,88.4300,1
44989080346366,12:29:49.080,88.4300,1
44989080346366,12:29:49.080,88.4300,1
44990019578725,12:29:50.019,88.4700,5
45013408361510,12:30:13.408,88.5000,100
45013408361510,12:30:13.408,88.5000,7
45013409103546,12:30:13.409,88.5100,2
45013409103546,12:30:13.409,88.5100,91
45013409128555,12:30:13.409,88.5100,9
45030022552479,12:30:30.022,88.5200,1
45030022552479,12:30:30.022,88.5200,1
45030523025357,12:30:30.523,88.5100,100
45032025028198,12:30:32.025,88.5000,100
45052050340915,12:30:52.050,88.5000,1
45052050378103,12:30:52.050,88.5000,99
45052050378103,12:30:52.050,88.4900,1
45064295295431,12:31:04.295,88.5200,100
45064295295431,12:31:04.295,88.5300,1
45064295295431,12:31:04.295,88.5300,64
45088525838838,12:31:28.525,88.4000,7
45088526590963,12:31:28.526,88.4000,100
45129138913184,12:32:09.138,88.3900,1
45146282636327,12:32:26.282,88.3300,1
45146282636327,12:32:26.282,88.3300,99
45146282662721,12:32:26.282,88.3300,1
45219009078972,12:33:39.009,88.4000,1
45297023806111,12:34:57.023,88.3800,1
45337195391758,12:35:37.195,88.3100,1
45337195391758,12:35:37.195,88.3100,16
45351924403267,12:35:51.924,88.3300,1
45372150809427,12:36:12.150,88.3000,1
45372150835061,12:36:12.150,88.3000,4
45372209913816,12:36:12.209,88.2800,1
45372209940186,12:36:12.209,88.2800,1
45372209940186,12:36:12.209,88.2800,300
45372209966608,12:36:12.209,88.2800,5
45372210506287,12:36:12.210,88.2700,5
45372211940674,12:36:12.211,88.2800,100
45372211969428,12:36:12.211,88.2800,73
45372232030243,12:36:12.232,88.2900,96
45372940409689,12:36:12.940,88.2900,4
45402865136101,12:36:42.865,88.2600,5
45402865136101,12:36:42.865,88.2600,5
45402866243291,12:36:42.866,88.2500,5
45402866952360,12:36:42.866,88.2400,2
45402867005183,12:36:42.867,88.2300,100
45402867028772,12:36:42.867,88.2300,100
45402867030724,12:36:42.867,88.2300,100
45402868569550,12:36:42.868,88.2200,5
45402868569550,12:36:42.868,88.2200,95
45402868633947,12:36:42.868,88.2200,5
45402868633947,12:36:42.868,88.2200,5
45442312421485,12:37:22.312,88.2700,1
45442312733461,12:37:22.312,88.2700,72
45442312757041,12:37:22.312,88.2700,28
45442313315206,12:37:22.313,88.2700,100
45442315133804,12:37:22.315,88.2300,100
45481274976616,12:38:01.274,88.2400,1
45494623819299,12:38:14.623,88.2500,100
45503331585891,12:38:23.331,88.2700,100
45503331585891,12:38:23.331,88.2700,1
45503331585891,12:38:23.331,88.2700,99
45503331660720,12:38:23.331,88.2700,1
45534013797806,12:38:54.013,88.2800,1
45534013929266,12:38:54.013,88.3000,10
45537359442469,12:38:57.359,88.3200,100
45544091154173,12:39:04.091,88.2800,10
45544091154173,12:39:04.091,88.2800,100
45544091154173,12:39:04.091,88.2800,2
45544092690743,12:39:04.092,88.2500,100
45544093878685,12:39:04.093,88.2500,100
45544093931877,12:39:04.093,88.2200,300
45544094251107,12:39:04.094,88.2000,2
45544094251107,12:39:04.094,88.2000,3
45660184484829,12:41:00.184,88.3000,1
45710909244986,12:41:50.909,88.2700,1
45806103326674,12:43:26.103,88.2500,1
45873866087696,12:44:33.866,88.2400,1
45893389575309,12:44:53.389,88.2600,1
45893398672784,12:44:53.398,88.2600,8
45916186899417,12:45:16.186,88.2700,1
45970198540357,12:46:10.198,88.2200,1
45970198540357,12:46:10.198,88.2200,99
46005054332135,12:46:45.054,88.2800,1
46007943622818,12:46:47.943,88.2800,5
46038033712479,12:47:18.033,88.3400,1
46081578888117,12:48:01.578,88.2700,1
46081578912118,12:48:01.578,88.2700,99
46154387347550,12:49:14.387,88.2900,1
46174033697914,12:49:34.033,88.3400,83
46174033697914,12:49:34.033,88.3400,8
46174033697914,12:49:34.033,88.3400,1
46174033697914,12:49:34.033,88.3400,100
46174034002123,12:49:34.034,88.3500,1
46182943155167,12:49:42.943,88.4100,100
46187200743332,12:49:47.200,88.4000,100
46187204476597,12:49:47.204,88.3400,1
46286156856419,12:51:26.156,88.3000,100
46286157196421,12:51:26.157,88.2900,1
46286157861987,12:51:26.157,88.2800,2
46287982400222,12:51:27.982,88.2700,2
46290271641508,12:51:30.271,88.2600,1
46290271641508,12:51:30.271,88.2600,1
46290272805370,12:51:30.272,88.2500,2
46290660589169,12:51:30.660,88.2500,100
46321543723807,12:52:01.543,88.2400,2
46321543781456,12:52:01.543,88.2300,2
46333286818756,12:52:13.286,88.2200,1
46333286818756,12:52:13.286,88.2200,1
46333286818756,12:52:13.286,88.2100,2
46333286941821,12:52:13.286,88.2100,100
46333290698921,12:52:13.290,88.2000,2
46333302513644,12:52:13.302,88.1800,1
46333302513644,12:52:13.302,88.1800,99
46333302539339,12:52:13.302,88.1800,1
46342672341212,12:52:22.672,88.2200,100
46342674339572,12:52:22.674,88.2600,100
46402094007904,12:53:22.094,88.3000,1
46402095776035,12:53:22.095,88.3100,1
46471090795674,12:54:31.090,88.3450,100
46479017688237,12:54:39.017,88.3400,1
46528045398854,12:55:28.045,88.3400,1
46539246895102,12:55:39.246,88.2800,100
46539248258121,12:55:39.248,88.2600,100
46540100743855,12:55:40.100,88.2400,1
46540100767463,12:55:40.100,88.2400,99
46545122988219,12:55:45.122,88.2000,6
46545123011824,12:55:45.123,88.2000,94
46585233237955,12:56:25.233,88.1900,100
46586187568620,12:56:26.187,88.1900,100
46620007180388,12:57:00.007,88.2600,1
46620007180388,12:57:00.007,88.2600,1
46620008484862,12:57:00.008,88.2600,20
46624839018042,12:57:04.839,88.2500,1
46673063366533,12:57:53.063,88.2700,1
46761019778981,12:59:21.019,88.3100,1
46768038148080,12:59:28.038,88.3200,5
46769428475617,12:59:29.428,88.3200,1
46840166343296,13:00:40.166,88.2700,300
46840166397782,13:00:40.166,88.2600,100
46935892054703,13:02:15.892,88.2700,1
46935892054703,13:02:15.892,88.2700,100
46974408207782,13:02:54.408,88.3200,9
46974408249038,13:02:54.408,88.3200,6
46974408420199,13:02:54.408,88.3200,9
46982403437655,13:03:02.403,88.3200,6
46982403590690,13:03:02.403,88.3200,6
46982403827369,13:03:02.403,88.3200,6
46982404014587,13:03:02.404,88.3200,6
46982407124953,13:03:02.407,88.3200,24
47059521501970,13:04:19.521,88.3300,6
47059521625760,13:04:19.521,88.3300,12
47079954719402,13:04:39.954,88.3400,2
47079954719402,13:04:39.954,88.3400,1
47079954719402,13:04:39.954,88.3400,3
47079954892616,13:04:39.954,88.3400,6
47079954949549,13:04:39.954,88.3400,9
47131332346823,13:05:31.332,88.2900,1
47131332477517,13:05:31.332,88.2900,68
47131453703680,13:05:31.453,88.2100,100
47172041596751,13:06:12.041,88.2300,1
47172041662809,13:06:12.041,88.2300,1
47191815171355,13:06:31.815,88.2200,1
47223735897905,13:07:03.735,88.1700,1
47223735897905,13:07:03.735,88.1700,9
47254581636505,13:07:34.581,88.1900,1
47254581722819,13:07:34.581,88.1900,1
47254583810662,13:07:34.583,88.1800,1
47258005755148,13:07:38.005,88.1600,1
47258005755148,13:07:38.005,88.1600,99
47268682004490,13:07:48.682,88.1800,24
47268682305294,13:07:48.682,88.1800,24
47268685755137,13:07:48.685,88.1800,24
47270835863009,13:07:50.835,88.1800,28
47292346941703,13:08:12.346,88.1500,2
47292346941703,13:08:12.346,88.1500,8
47292360567333,13:08:12.360,88.1400,1
47292360567333,13:08:12.360,88.1400,9
47292360567333,13:08:12.360,88.1400,90
47292360594458,13:08:12.360,88.1400,10
47298270861191,13:08:18.270,88.1300,100
47298270861191,13:08:18.270,88.1300,2
47298270861191,13:08:18.270,88.1300,3
47298272048323,13:08:18.272,88.1200,1
47298272048323,13:08:18.272,88.1200,8
47298272707118,13:08:18.272,88.1100,1
47298272707118,13:08:18.272,88.1100,4
47298272763768,13:08:18.272,88.1000,1
47298272763768,13:08:18.272,88.1000,1
47298272763768,13:08:18.272,88.1000,3
47298272763768,13:08:18.272,88.1000,95
47298272790306,13:08:18.272,88.1000,100
47298272791644,13:08:18.272,88.1000,105
47298286859547,13:08:18.286,88.0800,1
47298287028189,13:08:18.287,88.0700,2
47298287028189,13:08:18.287,88.0700,3
47298851076911,13:08:18.851,88.0400,2
47298852693326,13:08:18.852,88.0300,2
47361017118921,13:09:21.017,88.1600,1
47433034732095,13:10:33.034,88.1700,1
47499899654483,13:11:39.899,88.1700,1
47549759790654,13:12:29.759,88.1600,1
47549759790654,13:12:29.759,88.1100,99
47549759890443,13:12:29.759,88.1100,201
47549760534900,13:12:29.760,88.1000,6
47600262447647,13:13:20.262,88.0700,4
47600262447647,13:13:20.262,88.0500,96
47600262537792,13:13:20.262,88.0500,204
47600263148471,13:13:20.263,88.0400,100
47600591893094,13:13:20.591,88.0000,1
47652630515023,13:14:12.630,87.9700,1
47652631626576,13:14:12.631,87.9600,10
47652660942876,13:14:12.660,87.9500,1
47652660942876,13:14:12.660,87.9500,3
47652660942876,13:14:12.660,87.9500,6
47682012810273,13:14:42.012,87.9900,1
47742159907500,13:15:42.159,87.9600,1
47802011314150,13:16:42.011,87.9600,1
47811491737789,13:16:51.491,87.9400,1
47811491737789,13:16:51.491,87.9400,9
47840037565249,13:17:20.037,87.9500,1
47865011425265,13:17:45.011,87.9500,1
47893217403564,13:18:13.217,87.9300,1
47929259989258,13:18:49.259,87.9500,1
47991050583359,13:19:51.050,87.9500,1
47991051836027,13:19:51.051,87.9300,1
47991051836027,13:19:51.051,87.9300,2
47991051836027,13:19:51.051,87.9300,48
47991051862056,13:19:51.051,87.9300,52
47991053674369,13:19:51.053,87.9100,15
47991059067791,13:19:51.059,87.9100,10
47991059067791,13:19:51.059,87.9000,5
47991059067791,13:19:51.059,87.9000,5
47991059067791,13:19:51.059,87.9000,80
47991059485149,13:19:51.059,87.9100,10
48018913578450,13:20:18.913,87.9100,10
48020372318800,13:20:20.372,87.9000,5
48021028025366,13:20:21.028,87.8800,1
48021028118798,13:20:21.028,87.8700,6
48021028118798,13:20:21.028,87.8700,33
48045750284924,13:20:45.750,87.8600,10
48045827470119,13:20:45.827,87.8400,1
48045848861582,13:20:45.848,87.8300,1
48045848861582,13:20:45.848,87.8300,4
48051791230084,13:20:51.791,87.8200,5
48059995282983,13:20:59.995,87.8400,100
48062958817259,13:21:02.958,87.8400,3
48062959305871,13:21:02.959,87.8300,90
48062959353859,13:21:02.959,87.8300,10
48062959353859,13:21:02.959,87.8300,10
48062959353859,13:21:02.959,87.8300,100
48062959353859,13:21:02.959,87.8300,100
48062959421928,13:21:02.959,87.8400,10
48062959616211,13:21:02.959,87.8400,10
48074788180558,13:21:14.788,87.8800,1
48074788180558,13:21:14.788,87.8800,10
48114985575793,13:21:54.985,87.8400,1
48114985575793,13:21:54.985,87.8300,99
48114985904256,13:21:54.985,87.8300,1
48114995071049,13:21:54.995,87.8100,1
48114995071049,13:21:54.995,87.8100,4
48114995071049,13:21:54.995,87.8100,5
48114995071049,13:21:54.995,87.8100,49
48117568574967,13:21:57.568,87.8100,70
48122245427355,13:22:02.245,87.8200,70
48131215261866,13:22:11.215,87.8000,1
48131215261866,13:22:11.215,87.8000,200
48131215261866,13:22:11.215,87.8000,5
48131215636867,13:22:11.215,87.7900,5
48131255701732,13:22:11.255,87.7800,5
48131255701732,13:22:11.255,87.7800,5
48131256116246,13:22:11.256,87.7700,1
48131256116246,13:22:11.256,87.7700,9
48132209877811,13:22:12.209,87.7600,5
48132209877811,13:22:12.209,87.7600,100
48135284673307,13:22:15.284,87.7500,10
48135284673307,13:22:15.284,87.7500,90
48135285117363,13:22:15.285,87.7500,10
48180015744609,13:23:00.015,87.7300,1
48180062367522,13:23:00.062,87.7100,5
48180062367522,13:23:00.062,87.7100,15
48204213440900,13:23:24.213,87.7000,5
48204213440900,13:23:24.213,87.7000,15
48204213440900,13:23:24.213,87.7000,80
48246046115484,13:24:06.046,87.7700,1
48247046557525,13:24:07.046,87.8000,1
48247046557525,13:24:07.046,87.8000,99
48247046623534,13:24:07.046,87.8000,1
48307054439856,13:25:07.054,87.8400,1
48332024546153,13:25:32.024,87.8300,1
48379200174054,13:26:19.200,87.8300,1
48416422178390,13:26:56.422,87.8600,10
48433016388935,13:27:13.016,87.8500,1
48463074817754,13:27:43.074,87.8500,1
48495820535530,13:28:15.820,87.8400,1
48503265705279,13:28:23.265,87.8500,1
48587087642683,13:29:47.087,87.8900,100
48587960938113,13:29:47.960,87.8900,1
48588916167344,13:29:48.916,87.9000,100
48589589101287,13:29:49.589,87.9000,11
48647903129037,13:30:47.903,87.9600,2
48675558358598,13:31:15.558,87.9100,2
48675558386058,13:31:15.558,87.9100,98
48675558654223,13:31:15.558,87.8900,100
48675558654223,13:31:15.558,87.8900,100
48697478199797,13:31:37.478,87.8900,4
48697478199797,13:31:37.478,87.8800,96
48697478872335,13:31:37.478,87.8800,4
48768901403093,13:32:48.901,87.8800,1
48769977064131,13:32:49.977,87.8600,1
48831862477886,13:33:51.862,87.8800,1
48890903584067,13:34:50.903,87.8800,1
48892040656343,13:34:52.040,87.8400,100
48892041027195,13:34:52.041,87.8300,5
48892041027195,13:34:52.041,87.8300,72
48951901973243,13:35:51.901,87.8300,2
48978139522735,13:36:18.139,87.8000,100
49011010731147,13:36:51.010,87.8500,1
49017902353779,13:36:57.902,87.8900,100
49017902740398,13:36:57.902,87.8800,5
49018904537462,13:36:58.904,87.8800,2
49028659249269,13:37:08.659,87.8850,100
49035919313406,13:37:15.919,87.8500,7
49035919422835,13:37:15.919,87.8500,100
49036282872498,13:37:16.282,87.8400,100
49053597833221,13:37:33.597,87.8300,50
49053597895860,13:37:33.597,87.8300,10
49055545559649,13:37:35.545,87.8000,100
49118768047640,13:38:38.768,87.7900,5
49144107895489,13:39:04.107,87.8000,2
49144107895489,13:39:04.107,87.8000,100
49144107895489,13:39:04.107,87.7800,10
49144107895489,13:39:04.107,87.7800,7
49144107895489,13:39:04.107,87.7700,5
49144107895489,13:39:04.107,87.7700,21
49144107895489,13:39:04.107,87.7600,1
49144107895489,13:39:04.107,87.7600,54
49167470307682,13:39:27.470,87.7600,9
49167470307682,13:39:27.470,87.7600,36
49167602885120,13:39:27.602,87.7400,1
49183075795763,13:39:43.075,87.7200,2
49183075795763,13:39:43.075,87.7200,3
49207968036623,13:40:07.968,87.7700,1
49207970159484,13:40:07.970,87.7800,100
49224906714774,13:40:24.906,87.8000,2
49229905267342,13:40:29.905,87.8000,98
49232433794302,13:40:32.433,87.8700,10
49232434145758,13:40:32.434,87.8700,18
49232440769012,13:40:32.440,87.8900,100
49252070695749,13:40:52.070,87.8700,7
49252071778865,13:40:52.071,87.8600,2
49317907524100,13:41:57.907,87.8600,2
49317907896017,13:41:57.907,87.8200,2
49317907920583,13:41:57.907,87.8200,63
49351051069009,13:42:31.051,87.7900,6
49379085418932,13:42:59.085,87.8000,2
49403405249817,13:43:23.405,87.8200,1
49405405742428,13:43:25.405,87.8400,100
49439906279161,13:43:59.906,87.8500,2
49500905903616,13:45:00.905,87.8600,1
49561904749170,13:46:01.904,87.8600,2
49572970551963,13:46:12.970,87.8200,1
49572970551963,13:46:12.970,87.8200,4
49572970950290,13:46:12.970,87.8300,8
49572970950290,13:46:12.970,87.8300,92
49572972048117,13:46:12.972,87.8500,100
49579744031520,13:46:19.744,87.8700,1
49593446554412,13:46:33.446,87.9300,100
49604612365244,13:46:44.612,87.9200,8
49604623369983,13:46:44.623,87.8900,100
49604623687597,13:46:44.623,87.8800,300
49604633120667,13:46:44.633,87.8800,100
49605499758794,13:46:45.499,87.8700,100
49605845999664,13:46:45.845,87.8800,100
49801198394012,13:50:01.198,87.9100,1
49805899669862,13:50:05.899,87.9100,2
49810824266988,13:50:10.824,87.9100,11
49832370472421,13:50:32.370,87.9400,100
49832370608904,13:50:32.370,87.9500,100
49870903909212,13:51:10.903,88.0100,100
49871905201847,13:51:11.905,88.0100,1
49881244033742,13:51:21.244,88.0100,100
49881244065189,13:51:21.244,87.9900,70
49884648291839,13:51:24.648,87.9800,5
49884648291839,13:51:24.648,87.9800,95
49884648317787,13:51:24.648,87.9800,5
49943904877994,13:52:23.904,87.9900,2
49943905074589,13:52:23.905,87.9900,2
49988903589005,13:53:08.903,88.0100,2
49991902614862,13:53:11.902,88.0500,2
50049902768697,13:54:09.902,88.0600,2
50049902832837,13:54:09.902,88.0600,98
50061657861554,13:54:21.657,88.0400,100
50103316095367,13:55:03.316,88.0200,5
50104321342671,13:55:04.321,88.0200,5
50110902161993,13:55:10.902,88.0100,2
50171903019874,13:56:11.903,88.0100,1
50191287099167,13:56:31.287,87.9600,18
50191287099167,13:56:31.287,87.9600,100
50191287804904,13:56:31.287,87.9500,4
50191375176872,13:56:31.375,87.9400,5
50191375411041,13:56:31.375,87.9600,85
50233104783315,13:57:13.104,87.9400,2
50294122045874,13:58:14.122,87.9300,1
50319129233705,13:58:39.129,87.9100,52
50319129269806,13:58:39.129,87.9000,10
50319129269806,13:58:39.129,87.9000,6
50331670983104,13:58:51.670,87.8700,100
50331675075697,13:58:51.675,87.8700,100
50402688290945,14:00:02.688,87.8100,100
50402689655747,14:00:02.689,87.8000,100
50402700569154,14:00:02.700,87.8700,1
50405339755190,14:00:05.339,87.9100,36
50407805796125,14:00:07.805,87.9200,38
50407805829165,14:00:07.805,87.9200,62
50416902896244,14:00:16.902,88.0400,2
50423325413461,14:00:23.325,87.9400,100
50423325413461,14:00:23.325,87.9200,100
50447152972570,14:00:47.152,87.9300,1
50447153002179,14:00:47.153,87.9300,4
50447153421876,14:00:47.153,87.9200,97
50447153469944,14:00:47.153,87.9200,3
50447503995315,14:00:47.503,87.8900,1
50447567662467,14:00:47.567,87.8900,1
50453345070662,14:00:53.345,87.9700,2
50537166827512,14:02:17.166,87.9500,13
50537166827512,14:02:17.166,87.9500,2
50537451043186,14:02:17.451,87.9400,8
50538032238534,14:02:18.032,87.9100,1
50538082109571,14:02:18.082,87.9100,3
50538139632007,14:02:18.139,87.9100,4
50538225030902,14:02:18.225,87.9100,4
50538290838808,14:02:18.290,87.9100,1
50538324593412,14:02:18.324,87.9100,3
50563214703120,14:02:43.214,88.0200,1
50566397914797,14:02:46.397,88.0500,100
50566398184104,14:02:46.398,88.0500,100
50566412297482,14:02:46.412,88.0900,1
50602958429835,14:03:22.958,88.1900,2
50602985792276,14:03:22.985,88.1900,100
50602985792276,14:03:22.985,88.2000,100
50603852725503,14:03:23.852,88.2100,100
50614034073316,14:03:34.034,88.2200,100
50614034247664,14:03:34.034,88.2200,1
50614034247664,14:03:34.034,88.2200,30
50614034247664,14:03:34.034,88.2200,100
50621156056835,14:03:41.156,88.2200,13
50621156056835,14:03:41.156,88.2200,87
50653099635019,14:04:13.099,88.3800,100
50701868276484,14:05:01.868,88.5400,100
50701868276484,14:05:01.868,88.5400,91
50701868897528,14:05:01.868,88.5400,9
50701869053107,14:05:01.869,88.5400,8
50706543139805,14:05:06.543,88.5600,24
50706543549208,14:05:06.543,88.5600,76
50712909264377,14:05:12.909,88.4700,38
50715591365324,14:05:15.591,88.5100,2
50721868935003,14:05:21.868,88.4600,3
50732011962629,14:05:32.011,88.4500,100
50736785562081,14:05:36.785,88.4400,100
50736785585430,14:05:36.785,88.4400,98
50800453525526,14:06:40.453,88.5400,1
50842904535376,14:07:22.904,88.6000,2
50878934841020,14:07:58.934,88.5200,100
50879073251377,14:07:59.073,88.5200,3
50926976187979,14:08:46.976,88.5500,2
50964904699029,14:09:24.904,88.5600,2
50964904766550,14:09:24.904,88.5600,2
50987960071774,14:09:47.960,88.5500,1
51025900848321,14:10:25.900,88.5500,2
51048958603897,14:10:48.958,88.5400,1
51050105338719,14:10:50.105,88.5100,100
51068021573008,14:11:08.021,88.5700,1
51082584700897,14:11:22.584,88.6300,100
51109905914279,14:11:49.905,88.6700,1
51151127241906,14:12:31.127,88.7300,6
51159555252339,14:12:39.555,88.7500,2
51162991992861,14:12:42.991,88.7700,2
51170960817735,14:12:50.960,88.7600,1
51180522590973,14:13:00.522,88.7900,19
51181596123006,14:13:01.596,88.8200,5
51212973013400,14:13:32.973,88.8700,2
51231967749097,14:13:51.967,88.8600,1
51235556858975,14:13:55.556,88.8800,5
51268021502741,14:14:28.021,88.9300,2
51275301412881,14:14:35.301,88.9400,56
51275301412881,14:14:35.301,88.9400,19
51275302236645,14:14:35.302,88.9400,2
51278683241059,14:14:38.683,88.9400,100
51292961318115,14:14:52.961,88.9400,2
51300215499491,14:15:00.215,88.9350,100
51300257297217,14:15:00.257,88.8800,93
51300409716665,14:15:00.409,88.8700,200
51300416663300,14:15:00.416,88.8600,100
51300645491230,14:15:00.645,88.8700,41
51301039469034,14:15:01.039,88.8500,100
51301042399387,14:15:01.042,88.8400,100
51301042399387,14:15:01.042,88.8400,100
51301042548476,14:15:01.042,88.8400,100
51393009192171,14:16:33.009,88.7800,2
51432560293364,14:17:12.560,88.7800,1
51454081520401,14:17:34.081,88.7700,1
51456120121648,14:17:36.120,88.7400,100
51456834174698,14:17:36.834,88.7400,100
51477996474589,14:17:57.996,88.7900,69
51477996474589,14:17:57.996,88.7900,31
51525673893416,14:18:45.673,88.7500,2
51548462327750,14:19:08.462,88.8000,50
51554406369387,14:19:14.406,88.8000,49
51554406843635,14:19:14.406,88.8000,1
51554406843635,14:19:14.406,88.8000,1
51594876928621,14:19:54.876,88.7700,2
51632773715613,14:20:32.773,88.7800,2
51723087492851,14:22:03.087,88.7900,1
51748601469687,14:22:28.601,88.8300,1
51753397195825,14:22:33.397,88.8100,2
51759102512148,14:22:39.102,88.8400,100
51784709089039,14:23:04.709,88.8500,1
51803898637242,14:23:23.898,88.9100,4
51808016948566,14:23:28.016,88.8500,3
51812644538067,14:23:32.644,88.9000,2
51851398079339,14:24:11.398,88.9000,1
51869055189765,14:24:29.055,88.8900,2
51931088068248,14:25:31.088,88.9200,100
51931088068248,14:25:31.088,88.9200,1
51931088068248,14:25:31.088,88.9200,6
51931096118604,14:25:31.096,88.9700,100
51964522688712,14:26:04.522,88.9500,2
51970084461235,14:26:10.084,88.9100,100
51970085435147,14:26:10.085,88.9100,1
51970086029272,14:26:10.086,88.9000,100
52009440343064,14:26:49.440,88.8700,100
52009440582324,14:26:49.440,88.8600,14
52009440593500,14:26:49.440,88.8600,49
52009440697605,14:26:49.440,88.8600,2
52029207612228,14:27:09.207,88.8600,35
52029207716484,14:27:09.207,88.8400,1
52095003506959,14:28:15.003,88.8200,1
52113478619407,14:28:33.478,88.8200,2
52143596849468,14:29:03.596,88.8700,6
52143596849468,14:29:03.596,88.8700,94
52154334192017,14:29:14.334,88.8400,2
52181863637700,14:29:41.863,88.8800,53
52181863662213,14:29:41.863,88.8800,47
52181863966137,14:29:41.863,88.8700,100
52182014181869,14:29:42.014,88.9200,1
52186129981489,14:29:46.129,88.8300,1
52192781116784,14:29:52.781,88.8900,100
52211315187396,14:30:11.315,88.8900,100
52228020680630,14:30:28.020,88.8900,2
52273951172294,14:31:13.951,88.8900,1
52273951172294,14:31:13.951,88.8900,99
52273951197639,14:31:13.951,88.8900,1
52288669649463,14:31:28.669,88.8800,2
52297077968873,14:31:37.077,88.8500,100
52310847982320,14:31:50.847,88.8100,2
52310847982320,14:31:50.847,88.8100,6
52310847983100,14:31:50.847,88.8100,64
52310848424033,14:31:50.848,88.8100,30
52310849754914,14:31:50.849,88.8050,100
52316170217221,14:31:56.170,88.7700,100
52350013800513,14:32:30.013,88.7900,2
52392023253392,14:33:12.023,88.7700,2
52392023253392,14:33:12.023,88.7700,98
52392023332578,14:33:12.023,88.7700,2
52392023697819,14:33:12.023,88.7700,44
52417127954389,14:33:37.127,88.7600,2
52459945450939,14:34:19.945,88.7600,1
52468017038303,14:34:28.017,88.7800,2
52468017062444,14:34:28.017,88.7800,9
52468017977788,14:34:28.017,88.7800,11
52474707561605,14:34:34.707,88.7600,2
52475442856576,14:34:35.442,88.7300,21
52475442910684,14:34:35.442,88.7300,79
52475442910684,14:34:35.442,88.7300,4
52475443005272,14:34:35.443,88.7200,16
52496853939382,14:34:56.853,88.7800,100
52496853939382,14:34:56.853,88.7800,82
52496853953494,14:34:56.853,88.7800,18
52496860201708,14:34:56.860,88.7900,33
52496861384049,14:34:56.861,88.7900,67
52496861384049,14:34:56.861,88.8000,33
52496861415108,14:34:56.861,88.8000,67
52496887801444,14:34:56.887,88.8200,69
52496890184633,14:34:56.890,88.8200,31
52506710325607,14:35:06.710,88.8600,32
52513959944414,14:35:13.959,88.8900,2
52513959944414,14:35:13.959,88.8900,100
52523761067238,14:35:23.761,88.8700,6
52540804954855,14:35:40.804,88.8500,2
52540805063721,14:35:40.805,88.8300,23
52540805063721,14:35:40.805,88.8300,300
52540805063721,14:35:40.805,88.8300,23
52558035724715,14:35:58.035,88.8000,100
52558035724715,14:35:58.035,88.8000,89
52558035763938,14:35:58.035,88.8000,100
52558036300389,14:35:58.036,88.7900,100
52558037444403,14:35:58.037,88.7700,100
52564389155075,14:36:04.389,88.7300,2
52564389321694,14:36:04.389,88.7550,100
52564389910573,14:36:04.389,88.7200,6
52572366967858,14:36:12.366,88.6700,2
52577125316191,14:36:17.125,88.6700,100
52577125512235,14:36:17.125,88.6700,200
52579451423295,14:36:19.451,88.7100,99
52606761061205,14:36:46.761,88.7200,3
52606761091229,14:36:46.761,88.7200,94
52606761115351,14:36:46.761,88.7200,3
52618354482078,14:36:58.354,88.7000,1
52628634815292,14:37:08.634,88.6800,2
52628634815292,14:37:08.634,88.6800,98
52629374772763,14:37:09.374,88.6800,2
52638289315046,14:37:18.289,88.7200,100
52644105359562,14:37:24.105,88.7600,100
52698004088506,14:38:18.004,88.8300,100
52698004088506,14:38:18.004,88.8300,1
52698004088506,14:38:18.004,88.8300,99
52709193491895,14:38:29.193,88.8200,1
52728208874053,14:38:48.208,88.8200,13
52733740152014,14:38:53.740,88.8200,100
52756958531666,14:39:16.958,88.8100,100
52756958556773,14:39:16.958,88.8100,5
52756958556773,14:39:16.958,88.8100,10
52756958587473,14:39:16.958,88.8100,100
52806128048774,14:40:06.128,88.7100,13
52806128048774,14:40:06.128,88.7100,28
52808741031260,14:40:08.741,88.7000,100
52808744032576,14:40:08.744,88.7000,100
52808744040966,14:40:08.744,88.7000,100
52808744166091,14:40:08.744,88.7000,100
52878959953653,14:41:18.959,88.7500,1
52892293560807,14:41:32.293,88.7400,1
52892293560807,14:41:32.293,88.7400,2
52939665281920,14:42:19.665,88.7900,60
52939665849831,14:42:19.665,88.8100,100
52939956937231,14:42:19.956,88.8100,1
52948011744255,14:42:28.011,88.8000,2
52973515513487,14:42:53.515,88.8400,12
52981094143535,14:43:01.094,88.8000,1
52981094143535,14:43:01.094,88.8000,68
52981094143535,14:43:01.094,88.8000,31
52981095454345,14:43:01.095,88.8000,100
52981095753565,14:43:01.095,88.8000,100
52981096881032,14:43:01.096,88.8000,269
52994883955561,14:43:14.883,88.7700,100
52995567861675,14:43:15.567,88.7400,100
52995567923709,14:43:15.567,88.7400,100
53041074389444,14:44:01.074,88.8400,100
53041074413850,14:44:01.074,88.8400,100
53061958440216,14:44:21.958,88.8900,1
53095424898973,14:44:55.424,88.9200,1
53096033269426,14:44:56.033,88.9300,13
53097034313292,14:44:57.034,88.9700,3
53097034316854,14:44:57.034,88.9700,70
53097034346364,14:44:57.034,88.9800,3
53111189423856,14:45:11.189,88.9900,2
53111189636420,14:45:11.189,88.9900,98
53111189636420,14:45:11.189,88.9900,2
53111189688613,14:45:11.189,88.9900,55
53111189716747,14:45:11.189,88.9900,43
53111189716747,14:45:11.189,88.9900,55
53111189722532,14:45:11.189,88.9900,45
53111189722532,14:45:11.189,88.9900,43
53111189892052,14:45:11.189,88.9900,57
53161689927908,14:46:01.689,89.0700,21
53161689972542,14:46:01.689,89.0700,79
53189287265661,14:46:29.287,89.1300,11
53189359702599,14:46:29.359,89.1400,5
53190415414411,14:46:30.415,89.1400,95
53190415922183,14:46:30.415,89.1600,100
53190415998663,14:46:30.415,89.1600,3
53199497819632,14:46:39.497,89.1400,2
53216465089357,14:46:56.465,89.1900,10
53238997839297,14:47:18.997,89.2000,100
53238997839297,14:47:18.997,89.1900,1
53238997839297,14:47:18.997,89.1900,1
53238998151351,14:47:18.998,89.1900,6
53238998177279,14:47:18.998,89.1900,94
53238999165170,14:47:18.999,89.1900,100
53239001253665,14:47:19.001,89.1900,100
53239001253665,14:47:19.001,89.1900,95
53239206727264,14:47:19.206,89.1900,100
53305960062566,14:48:25.960,89.2400,1
53305960062566,14:48:25.960,89.2400,12
53336031688323,14:48:56.031,89.2500,2
53348014573443,14:49:08.014,89.2900,100
53373295038986,14:49:33.295,89.3000,100
53373959730090,14:49:33.959,89.2900,1
53374018390960,14:49:34.018,89.2900,2
53377688809142,14:49:37.688,89.3200,11
53394665219979,14:49:54.665,89.3300,100
53415104687017,14:50:15.104,89.2900,3
53415105052844,14:50:15.105,89.2800,1
53415105052844,14:50:15.105,89.2800,2
53456846779445,14:50:56.846,89.2600,100
53456846806604,14:50:56.846,89.2600,2
53457043852410,14:50:57.043,89.2600,10
53457043852410,14:50:57.043,89.2500,90
53457385818452,14:50:57.385,89.2500,10
53457385818452,14:50:57.385,89.2500,90
53465118359672,14:51:05.118,89.2300,1
53465118359672,14:51:05.118,89.2300,2
53505154372435,14:51:45.154,89.2400,1
53505155648062,14:51:45.155,89.2400,100
53505501780056,14:51:45.501,89.2400,100
53505690478097,14:51:45.690,89.2500,40
53508715574724,14:51:48.715,89.2500,60
53508715574724,14:51:48.715,89.2600,12
53526683290269,14:52:06.683,89.2900,6
53526704565244,14:52:06.704,89.3100,17
53548009861544,14:52:28.009,89.3800,2
53550466727904,14:52:30.466,89.3700,1
53550466727904,14:52:30.466,89.3000,99
53568400055918,14:52:48.400,89.4400,100
53609592761966,14:53:29.592,89.5400,2
53612749990111,14:53:32.749,89.5050,100
53668013990233,14:54:28.013,89.5500,1
53675502238963,14:54:35.502,89.6000,14
53675503127242,14:54:35.503,89.6100,1
53687737131563,14:54:47.737,89.5600,1
53687737131563,14:54:47.737,89.5600,1
53687737799695,14:54:47.737,89.5100,100
53687737832885,14:54:47.737,89.5100,100
53687737918162,14:54:47.737,89.5100,100
53687737955823,14:54:47.737,89.5100,100
53687738139009,14:54:47.738,89.5100,100
53687738299369,14:54:47.738,89.5100,100
53687939376130,14:54:47.939,89.5200,100
53710325317424,14:55:10.325,89.5100,100
53728015153977,14:55:28.015,89.5600,1
53728016533344,14:55:28.016,89.5600,1
53751274157928,14:55:51.274,89.5100,100
53751274677793,14:55:51.274,89.5000,2
53751274703279,14:55:51.274,89.5000,98
53751274703279,14:55:51.274,89.5000,200
53751274703279,14:55:51.274,89.5000,100
53751274703279,14:55:51.274,89.5000,100
53751274797397,14:55:51.274,89.5000,100
53751274995895,14:55:51.274,89.5000,100
53751275378636,14:55:51.275,89.5000,100
53759983199694,14:55:59.983,89.5000,100
53759983199694,14:55:59.983,89.5000,100
53759983349373,14:55:59.983,89.5000,100
53759983383755,14:55:59.983,89.5000,100
53762704738139,14:56:02.704,89.4500,2
53762704738139,14:56:02.704,89.4500,2
53770389504039,14:56:10.389,89.4100,100
53770502348036,14:56:10.502,89.3700,24
53770502372202,14:56:10.502,89.3700,76
53789814986181,14:56:29.814,89.3800,100
53791071974575,14:56:31.071,89.3900,13
53831773462994,14:57:11.773,89.4500,100
53831773462994,14:57:11.773,89.4500,100
53863684383611,14:57:43.684,89.4900,1
53912133816443,14:58:32.133,89.5900,23
53919822452455,14:58:39.822,89.5900,2
53919822452455,14:58:39.822,89.5900,2
53968383009652,14:59:28.383,89.5900,2
53968383478179,14:59:28.383,89.5800,2
53968986580251,14:59:28.986,89.5600,1
54028034859959,15:00:28.034,89.5300,1
54028036706485,15:00:28.036,89.5300,2
54083005089696,15:01:23.005,89.4800,1
54083005113305,15:01:23.005,89.4800,91
54083005172349,15:01:23.005,89.4800,8
54121740147106,15:02:01.740,89.4200,100
54208026750817,15:03:28.026,89.4000,2
54208739389062,15:03:28.739,89.4000,1
54209392354318,15:03:29.392,89.3700,100
54268056640158,15:04:28.056,89.3800,1
54268058174651,15:04:28.058,89.3800,2
54328013504097,15:05:28.013,89.3700,2
54329252639566,15:05:29.252,89.3700,1
54329252639566,15:05:29.252,89.3700,99
54329252708780,15:05:29.252,89.3700,1
54329912208013,15:05:29.912,89.3700,100
54330579863139,15:05:30.579,89.3700,40
54341092727731,15:05:41.092,89.3200,62
54342203256996,15:05:42.203,89.3200,38
54343162490970,15:05:43.162,89.3000,5
54343162490970,15:05:43.162,89.3000,1
54343162490970,15:05:43.162,89.3000,4
54343162490970,15:05:43.162,89.3000,90
54352890072085,15:05:52.890,89.2800,5
54355494713935,15:05:55.494,89.2600,1
54359198967921,15:05:59.198,89.2300,47
54383371369101,15:06:23.371,89.2800,3
54383371487059,15:06:23.371,89.2900,100
54383371487059,15:06:23.371,89.2900,12
54383371487059,15:06:23.371,89.2900,44
54383374185560,15:06:23.374,89.3300,15
54389032377737,15:06:29.032,89.3500,2
54389045752390,15:06:29.045,89.3500,1
54389663908113,15:06:29.663,89.3300,100
54423239358726,15:07:03.239,89.2500,100
54427116937698,15:07:07.116,89.2200,5
54482039227780,15:08:02.039,89.2600,11
54482040471091,15:08:02.040,89.2800,100
54490379127598,15:08:10.379,89.3200,11
54490379159418,15:08:10.379,89.3200,3
54490379159418,15:08:10.379,89.3200,100
54508024421105,15:08:28.024,89.3500,2
54508027144138,15:08:28.027,89.3500,1
54538283581162,15:08:58.283,89.3100,15
54538283581162,15:08:58.283,89.3100,85
54538283609706,15:08:58.283,89.3100,15
54538283609706,15:08:58.283,89.3100,100
54538284103409,15:08:58.284,89.3100,87
54538285403376,15:08:58.285,89.3100,100
54539233014976,15:08:59.233,89.2800,9
54539233034185,15:08:59.233,89.2800,91
54551583056506,15:09:11.583,89.2400,2
54561584850922,15:09:21.584,89.2500,63
54576400562949,15:09:36.400,89.2800,6
54576400761931,15:09:36.400,89.2800,6
54576400854269,15:09:36.400,89.2800,12
54577684014395,15:09:37.684,89.2300,100
54577684844946,15:09:37.684,89.2200,10
54582686459518,15:09:42.686,89.2100,2
54582686459518,15:09:42.686,89.2100,3
54591454175783,15:09:51.454,89.1900,5
54600205152520,15:10:00.205,89.1700,3
54600205152520,15:10:00.205,89.1700,2
54628022575489,15:10:28.022,89.1700,1
54630306964257,15:10:30.306,89.2000,100
54630307012214,15:10:30.307,89.2100,14
54631053367497,15:10:31.053,89.2000,2
54643470269355,15:10:43.470,89.1400,1
54643476062672,15:10:43.476,89.1300,5
54643490267608,15:10:43.490,89.1200,1
54643490267608,15:10:43.490,89.1200,3
54643490267608,15:10:43.490,89.1200,1
54645544825694,15:10:45.544,89.1100,1
54645544886550,15:10:45.544,89.1000,100
54646835566842,15:10:46.835,89.0900,5
54647649004990,15:10:47.649,89.0800,100
54656704853640,15:10:56.704,89.0600,5
54657191539191,15:10:57.191,89.0500,1
54657191539191,15:10:57.191,89.0500,99
54657191566571,15:10:57.191,89.0500,1
54662190044636,15:11:02.190,89.0400,5
54665952312708,15:11:05.952,89.0300,5
54665952975772,15:11:05.952,89.0200,5
54669763113643,15:11:09.763,89.0000,1
54685288105604,15:11:25.288,88.9900,5
54691783454750,15:11:31.783,89.0400,21
54750743743868,15:12:30.743,89.0600,2
54780026895266,15:13:00.026,89.0900,100
54780026895266,15:13:00.026,89.0900,1
54811024912625,15:13:31.024,89.1600,1
54811026997819,15:13:31.026,89.1600,1
54848846539598,15:14:08.846,89.1300,2
54848846539598,15:14:08.846,89.1300,1
54848846539598,15:14:08.846,89.1300,3
54933027761953,15:15:33.027,89.1700,2
54988016276539,15:16:28.016,89.1700,2
54988017281668,15:16:28.017,89.1700,100
54988019265592,15:16:28.019,89.1700,200
54988030292979,15:16:28.030,89.1700,1
54989363665405,15:16:29.363,89.1900,13
55011858487611,15:16:51.858,89.1400,100
55011858487611,15:16:51.858,89.1400,100
55011859422792,15:16:51.859,89.1300,8
55047571358941,15:17:27.571,89.1600,100
55049049112476,15:17:29.049,89.1900,2
55049049136689,15:17:29.049,89.1900,98
55049049181642,15:17:29.049,89.1900,98
55049049193933,15:17:29.049,89.1900,2
55050007905478,15:17:30.007,89.1900,2
55050028529806,15:17:30.028,89.1700,1
55096461130367,15:18:16.461,89.1500,100
55108383963545,15:18:28.383,89.1600,100
55108384496012,15:18:28.384,89.1700,28
55108384551788,15:18:28.384,89.1700,72
55123030700059,15:18:43.030,89.2400,100
55123032315550,15:18:43.032,89.2400,4
55128004306976,15:18:48.004,89.2300,1
55128005739541,15:18:48.005,89.2100,12
55128006398554,15:18:48.006,89.2100,6
55138012758539,15:18:58.012,89.2200,1
55175021031516,15:19:35.021,89.3300,2
55192249270075,15:19:52.249,89.3500,18
55200045288808,15:20:00.045,89.3800,2
55204104004158,15:20:04.104,89.4100,100
55204104136738,15:20:04.104,89.4100,12
55231655407251,15:20:31.655,89.4300,2
55231656221092,15:20:31.656,89.3700,100
55231656221092,15:20:31.656,89.3700,100
55231656381007,15:20:31.656,89.3700,100
55235243875884,15:20:35.243,89.4100,30
55288883642603,15:21:28.883,89.3700,100
55288883667092,15:21:28.883,89.3700,34
55288883694573,15:21:28.883,89.3700,66
55322113864117,15:22:02.113,89.3200,1
55323263688488,15:22:03.263,89.3100,100
55324947866414,15:22:04.947,89.2900,100
55325513946301,15:22:05.513,89.2800,2
55328816348156,15:22:08.816,89.2700,1
55328816348156,15:22:08.816,89.2700,9
55331804322189,15:22:11.804,89.2600,5
55331804322189,15:22:11.804,89.2600,100
55331804786096,15:22:11.804,89.2500,1
55341916237054,15:22:21.916,89.2400,4
55341916237054,15:22:21.916,89.2400,2
55341916237054,15:22:21.916,89.2400,4
55389768522256,15:23:09.768,89.2300,1
55389768995265,15:23:09.768,89.2200,2
55417284423934,15:23:37.284,89.2200,2
55417284423934,15:23:37.284,89.2200,2
55417284423934,15:23:37.284,89.2100,1
55417284423934,15:23:37.284,89.2000,5
55417284423934,15:23:37.284,89.2000,60
55417284423934,15:23:37.284,89.1900,10
55417284423934,15:23:37.284,89.1900,20
55444166430664,15:24:04.166,89.2500,1
55444166496117,15:24:04.166,89.2600,18
55444167250656,15:24:04.167,89.2500,10
55444167376219,15:24:04.167,89.2500,46
55444712592789,15:24:04.712,89.2000,2
55444712592789,15:24:04.712,89.2000,2
55449940611270,15:24:09.940,89.2000,100
55459007592179,15:24:19.007,89.2400,5
55459007592179,15:24:19.007,89.2400,15
55459007592179,15:24:19.007,89.2400,1
55460696867838,15:24:20.696,89.2800,100
55460697298938,15:24:20.697,89.2800,100
55469919495126,15:24:29.919,89.2600,100
55505004599374,15:25:05.004,89.2800,100
55588025535887,15:26:28.025,89.2700,1
55588025535887,15:26:28.025,89.2700,2
55629523611168,15:27:09.523,89.2800,1
55648011823162,15:27:28.011,89.2800,2
55648012484457,15:27:28.012,89.2600,1
55673131547214,15:27:53.131,89.2150,100
55673229954504,15:27:53.229,89.2150,51
55673229954504,15:27:53.229,89.2500,9
55673229954504,15:27:53.229,89.2500,100
55673229954504,15:27:53.229,89.2500,40
55673229983194,15:27:53.229,89.2500,37
55673229983194,15:27:53.229,89.2500,17
55673230020122,15:27:53.230,89.2500,54
55673230279061,15:27:53.230,89.2500,46
55673231225743,15:27:53.231,89.2700,6
55673232125930,15:27:53.232,89.2700,94
55677564907483,15:27:57.564,89.3000,100
55677564907483,15:27:57.564,89.3000,100
55756575163164,15:29:16.575,89.2700,5
55756575379404,15:29:16.575,89.2600,100
55757654064795,15:29:17.654,89.2400,11
55766610211418,15:29:26.610,89.2500,1
55769745371058,15:29:29.745,89.2700,6
55801322763838,15:30:01.322,89.2100,100
55803557331480,15:30:03.557,89.1800,2
55803557331480,15:30:03.557,89.1800,4
55803557331480,15:30:03.557,89.1800,1
55803557331480,15:30:03.557,89.1800,3
55803577807538,15:30:03.577,89.1700,8
55803577807538,15:30:03.577,89.1700,2
55810907088473,15:30:10.907,89.1500,1
55810907088473,15:30:10.907,89.1500,9
55813169507060,15:30:13.169,89.1400,100
55813169533865,15:30:13.169,89.1400,4
55813169533865,15:30:13.169,89.1400,1
55813170374175,15:30:13.170,89.1400,100
55813170374175,15:30:13.170,89.1400,100
55813249257698,15:30:13.249,89.1200,200
55820093341688,15:30:20.093,89.1100,5
55820915050197,15:30:20.915,89.1000,2
55820915642003,15:30:20.915,89.0900,10
55820916227277,15:30:20.916,89.0800,19
55820916251732,15:30:20.916,89.0800,81
55822047028490,15:30:22.047,89.1400,69
55832512630406,15:30:32.512,89.2000,8
55872442229151,15:31:12.442,89.2500,1
55872442229151,15:31:12.442,89.2500,21
55872444100458,15:31:12.444,89.2700,38
55872444571140,15:31:12.444,89.2700,62
55888010582043,15:31:28.010,89.2700,1
55888011920976,15:31:28.011,89.2700,1
55905197662206,15:31:45.197,89.2500,100
55911919207541,15:31:51.919,89.2200,100
55938266506345,15:32:18.266,89.1700,2
55938266506345,15:32:18.266,89.1700,98
55963053645207,15:32:43.053,89.2100,1
56013745223399,15:33:33.745,89.2300,1
56013745772229,15:33:33.745,89.2200,100
56019635749268,15:33:39.635,89.2200,24
56019645307427,15:33:39.645,89.2400,100
56020897951666,15:33:40.897,89.2550,56
56028802599298,15:33:48.802,89.2300,100
56068022814517,15:34:28.022,89.2400,2
56069007792281,15:34:29.007,89.2400,2
56070966970691,15:34:30.966,89.2400,43
56070966970691,15:34:30.966,89.2400,1
56070967546239,15:34:30.967,89.2500,26
56070967546239,15:34:30.967,89.2500,12
56092337119827,15:34:52.337,89.2200,100
56092337119827,15:34:52.337,89.2200,100
56094292988297,15:34:54.292,89.1700,100
56094352993894,15:34:54.352,89.1900,35
56102799490548,15:35:02.799,89.2300,100
56103884551543,15:35:03.884,89.2400,100
56128976778892,15:35:28.976,89.2500,2
56128976778892,15:35:28.976,89.2500,98
56129009442536,15:35:29.009,89.2600,2
56129009874770,15:35:29.009,89.2200,100
56138350178184,15:35:38.350,89.2800,100
56142025590060,15:35:42.025,89.2600,100
56142026083041,15:35:42.026,89.2500,100
56166710830642,15:36:06.710,89.2400,1
56166710830642,15:36:06.710,89.2400,100
56166713462036,15:36:06.713,89.2500,100
56173308898239,15:36:13.308,89.2000,1
56173308898239,15:36:13.308,89.2000,2
56173308898239,15:36:13.308,89.2000,100
56173309562136,15:36:13.309,89.1900,100
56182157124815,15:36:22.157,89.1800,33
56183027928845,15:36:23.027,89.2300,100
56250007529901,15:37:30.007,89.2100,2
56277012389030,15:37:57.012,89.1600,100
56283125837114,15:38:03.125,89.1400,30
56302513384826,15:38:22.513,89.1400,70
56302513384826,15:38:22.513,89.1400,42
56302920502513,15:38:22.920,89.1500,1
56323541091128,15:38:43.541,89.1700,3
56368025013288,15:39:28.025,89.1600,2
56368125249261,15:39:28.125,89.1400,58
56368126081663,15:39:28.126,89.1300,42
56402269722383,15:40:02.269,89.1000,1
56406890086050,15:40:06.890,89.0900,1
56406890086050,15:40:06.890,89.0900,8
56411988064951,15:40:11.988,89.0900,27
56413051107107,15:40:13.051,89.1200,1
56413051107107,15:40:13.051,89.1200,99
56413051377300,15:40:13.051,89.1200,1
56429016469470,15:40:29.016,89.1300,1
56429285353506,15:40:29.285,89.1100,2
56432995810143,15:40:32.995,89.1000,100
56432995810143,15:40:32.995,89.1000,100
56463181971585,15:41:03.181,89.1000,110
56481063750554,15:41:21.063,89.0800,38
56481063750554,15:41:21.063,89.0800,5
56487239588339,15:41:27.239,89.0700,5
56487248305621,15:41:27.248,89.0600,1
56522616045986,15:42:02.616,89.0650,26
56526149465848,15:42:06.149,89.0800,1
56526149465848,15:42:06.149,89.0800,14
56526149465848,15:42:06.149,89.0800,55
56526149497155,15:42:06.149,89.0800,2
56526149594205,15:42:06.149,89.0800,5
56548041768789,15:42:28.041,89.1100,177
56548041768789,15:42:28.041,89.1100,23
56548041795629,15:42:28.041,89.1100,1
56561523084501,15:42:41.523,89.1200,100
56562038307911,15:42:42.038,89.1400,100
56562038307911,15:42:42.038,89.1400,100
56563593795241,15:42:43.593,89.1500,1
56563593795241,15:42:43.593,89.1500,2
56563593795241,15:42:43.593,89.1500,7
56566110042053,15:42:46.110,89.1600,1
56580123229470,15:43:00.123,89.2000,99
56580123315800,15:43:00.123,89.2000,1
56583836165977,15:43:03.836,89.1700,100
56583836220297,15:43:03.836,89.1700,150
56590545492348,15:43:10.545,89.1600,5
56590545492348,15:43:10.545,89.1600,95
56650569685861,15:44:10.569,89.2000,100
56703090632092,15:45:03.090,89.2100,1
56703090632092,15:45:03.090,89.2100,99
56703090865454,15:45:03.090,89.2100,1
56703090865454,15:45:03.090,89.2100,30
56703099425795,15:45:03.099,89.2100,9
56703392607141,15:45:03.392,89.2300,28
56705064010512,15:45:05.064,89.2200,2
56712663761500,15:45:12.663,89.2200,100
56728177169265,15:45:28.177,89.2300,2
56730022529762,15:45:30.022,89.2100,21
56736140901233,15:45:36.140,89.2400,1
56772814271586,15:46:12.814,89.2900,15
56789285221633,15:46:29.285,89.2900,5
56789285221633,15:46:29.285,89.2900,1
56790301221287,15:46:30.301,89.2900,100
56790301823076,15:46:30.301,89.2900,100
56802303286015,15:46:42.303,89.2600,100
56802879141364,15:46:42.879,89.2600,30
56802879141364,15:46:42.879,89.2600,70
56802879485421,15:46:42.879,89.2600,30
56802879485421,15:46:42.879,89.2600,1
56802880302322,15:46:42.880,89.2500,100
56802880373486,15:46:42.880,89.2500,100
56802880702513,15:46:42.880,89.2500,100
56817264271855,15:46:57.264,89.2600,21
56817264271855,15:46:57.264,89.2600,17
56817266560304,15:46:57.266,89.2900,100
56832896577434,15:47:12.896,89.2600,5
56866385115570,15:47:46.385,89.2700,1
56877338184330,15:47:57.338,89.2900,100
56877338184330,15:47:57.338,89.2900,100
56880277626744,15:48:00.277,89.3000,62
56891861316094,15:48:11.861,89.3000,100
56893045733084,15:48:13.045,89.2900,100
56893046166965,15:48:13.046,89.2900,100
56897877021296,15:48:17.877,89.2800,100
56910381226701,15:48:30.381,89.2700,9
56910403178738,15:48:30.403,89.2700,6
56910434972455,15:48:30.434,89.2700,50
56910435004592,15:48:30.435,89.2700,35
56964796321249,15:49:24.796,89.2700,1
56964796943539,15:49:24.796,89.2700,9
56964797133018,15:49:24.797,89.2700,2
56966879888475,15:49:26.879,89.2700,2
56966879888475,15:49:26.879,89.2700,10
56992193738635,15:49:52.193,89.2600,77
56992193824214,15:49:52.193,89.2600,23
56993324902189,15:49:53.324,89.2500,26
57000249758998,15:50:00.249,89.2500,1
57004022314910,15:50:04.022,89.2500,100
57004057844834,15:50:04.057,89.2400,100
57013319185844,15:50:13.319,89.2300,100
57013319599877,15:50:13.319,89.2300,83
57013320078921,15:50:13.320,89.2300,17
57019029602328,15:50:19.029,89.2400,1
57039420720611,15:50:39.420,89.2200,28
57066809011751,15:51:06.809,89.2200,72
57066809011751,15:51:06.809,89.2200,28
57066809163237,15:51:06.809,89.2200,72
57066809163237,15:51:06.809,89.2200,86
57066809197026,15:51:06.809,89.2200,14
57066809198250,15:51:06.809,89.2200,100
57072070425344,15:51:12.070,89.2100,70
57120156884639,15:52:00.156,89.1800,100
57120156884639,15:52:00.156,89.1800,5
57120156884639,15:52:00.156,89.1800,195
57120466978528,15:52:00.466,89.1800,5
57121474194098,15:52:01.474,89.1700,100
57121474231999,15:52:01.474,89.1700,100
57121475341680,15:52:01.475,89.1700,100
57124020029951,15:52:04.020,89.1600,100
57124284406065,15:52:04.284,89.1600,82
57127023937120,15:52:07.023,89.1400,11
57130203176445,15:52:10.203,89.1200,9
57131092495479,15:52:11.092,89.1000,5
57146510146931,15:52:26.510,89.0900,1
57146510146931,15:52:26.510,89.0900,99
57146513075417,15:52:26.513,89.0900,1
57146515765935,15:52:26.515,89.0800,8
57169638898954,15:52:49.638,89.0900,3
57169638898954,15:52:49.638,89.0900,100
57169639745567,15:52:49.639,89.1100,100
57183005121147,15:53:03.005,89.1000,2
57183005121147,15:53:03.005,89.1000,1
57193874493710,15:53:13.874,89.0900,29
57196199031311,15:53:16.199,89.0900,15
57215431847598,15:53:35.431,89.1100,120
57215431847598,15:53:35.431,89.1100,1
57221597507250,15:53:41.597,89.1000,9
57245205959570,15:54:05.205,89.1200,100
57245205959570,15:54:05.205,89.1200,26
57245961107630,15:54:05.961,89.1200,10
57250549304108,15:54:10.549,89.1100,4
57257739793246,15:54:17.739,89.1100,3
57260949548137,15:54:20.949,89.1100,43
57260951567897,15:54:20.951,89.1000,24
57260951862107,15:54:20.951,89.1000,100
57260960572169,15:54:20.960,89.0900,7
57266193851125,15:54:26.193,89.0900,90
57266202989479,15:54:26.202,89.0900,6
57269376298798,15:54:29.376,89.1200,1
57269376298798,15:54:29.376,89.1200,32
57269376303647,15:54:29.376,89.1200,100
57269376354247,15:54:29.376,89.1300,9
57269376385952,15:54:29.376,89.1300,91
57275001960139,15:54:35.001,89.1200,15
57279982457114,15:54:39.982,89.1200,100
57288501235298,15:54:48.501,89.0900,2
57288501853576,15:54:48.501,89.0900,23
57288501853576,15:54:48.501,89.0900,61
57303450855316,15:55:03.450,89.2500,2
57307450167473,15:55:07.450,89.1800,33
57307499484816,15:55:07.499,89.1600,8
57310523039640,15:55:10.523,89.1850,1
57328109908337,15:55:28.109,89.1700,1
57328416055197,15:55:28.416,89.2000,1
57328416055197,15:55:28.416,89.2000,1
57330099640943,15:55:30.099,89.2100,1
57332645059477,15:55:32.645,89.2100,73
57332645059477,15:55:32.645,89.1900,25
57332645059477,15:55:32.645,89.1900,2
57339803293238,15:55:39.803,89.2200,1
57361246533934,15:56:01.246,89.2700,1
57361246590363,15:56:01.246,89.2800,1
57363697647279,15:56:03.697,89.2600,100
57363697647279,15:56:03.697,89.2600,12
57363697689989,15:56:03.697,89.2600,88
57363697775808,15:56:03.697,89.2600,100
57369704601790,15:56:09.704,89.2700,1
57414833163906,15:56:54.833,89.2800,100
57414833163906,15:56:54.833,89.2900,1
57414833163906,15:56:54.833,89.2900,98
57414833210422,15:56:54.833,89.2900,100
57414848900456,15:56:54.848,89.2800,12
57423047913712,15:57:03.047,89.2700,2
57423047964906,15:57:03.047,89.2850,100
57430157427380,15:57:10.157,89.2900,2
57430157498748,15:57:10.157,89.3000,69
57430714944732,15:57:10.714,89.3100,2
57436250725166,15:57:16.250,89.3000,10
57456837130206,15:57:36.837,89.3100,1
57459493429150,15:57:39.493,89.3100,100
57470720511822,15:57:50.720,89.3100,100
57470720522908,15:57:50.720,89.3100,1
57470720522908,15:57:50.720,89.3100,99
57481141620405,15:58:01.141,89.3500,100
57481141646612,15:58:01.141,89.3500,100
57481141845506,15:58:01.141,89.3500,74
57481142915464,15:58:01.142,89.3500,26
57481142915464,15:58:01.142,89.3500,8
57493247871766,15:58:13.247,89.3200,1
57493247954398,15:58:13.247,89.3350,100
57500196235059,15:58:20.196,89.3100,37
57500196534791,15:58:20.196,89.3100,63
57507330680605,15:58:27.330,89.3300,100
57507330709565,15:58:27.330,89.3300,62
57540001593125,15:59:00.001,89.3300,8
57540001619353,15:59:00.001,89.3300,2
57546848065470,15:59:06.848,89.3400,2
57550087695780,15:59:10.087,89.3350,100
57550095052730,15:59:10.095,89.3200,8
57550095052730,15:59:10.095,89.3200,92
57550095084579,15:59:10.095,89.3200,8
57570493802170,15:59:30.493,89.3300,8
57570493842119,15:59:30.493,89.3300,32
57570770229386,15:59:30.770,89.3300,19
57573020247828,15:59:33.020,89.3200,1
57584017939047,15:59:44.017,89.3000,8
57586009996803,15:59:46.009,89.3000,14
57587530431033,15:59:47.530,89.3000,2
57589369631300,15:59:49.369,89.3000,62
57589369842585,15:59:49.369,89.3000,64
57589369842585,15:59:49.369,89.3000,1
57589370459252,15:59:49.370,89.2900,1
57589371100856,15:59:49.371,89.2800,2
57590090086576,15:59:50.090,89.2500,1
57590090086576,15:59:50.090,89.2500,2
57597722732278,15:59:57.722,89.2500,17
57600583639119,16:00:00.583,0.0000,0
