timestamp,time,price,volume
34200589109581,09:30:00.589,0.0000,0
57600540014565,16:00:00.540,0.0000,0
